0 432
0 480
1 432
1 480
2 432
2 472
2 480
3 432
3 480
4 433
4 435
4 441
4 441
4 441
5 433
5 435
5 441
5 453
6 433
6 433
6 435
6 441
6 441
6 453
6 515
7 433
8 433
8 501
9 433
9 433
9 435
9 441
9 515
10 433
10 435
10 441
10 515
11 433
11 435
11 441
12 433
12 433
12 435
12 441
12 441
13 433
13 435
13 441
14 433
14 435
14 441
14 515
15 433
15 435
15 437
15 441
15 453
15 482
15 515
16 433
17 433
17 441
17 443
18 433
18 435
18 441
18 444
18 445
18 464
18 464
18 515
19 434
19 479
20 434
21 434
22 435
22 435
22 435
22 441
23 435
23 435
24 435
24 435
24 441
24 453
24 486
25 435
25 441
25 441
25 453
26 435
26 435
26 441
26 441
26 453
26 453
27 435
27 441
27 453
28 435
28 435
29 435
29 435
29 441
29 453
30 436
31 436
31 479
32 436
33 436
34 437
34 492
34 492
35 437
36 437
37 437
38 437
39 437
40 437
40 461
40 482
41 437
42 438
42 438
42 525
43 438
44 438
45 439
45 455
45 478
46 440
46 454
47 440
47 440
47 472
48 440
49 440
50 440
50 468
51 440
51 472
52 440
53 440
54 440
55 440
56 440
57 440
58 440
58 456
58 488
59 441
60 441
60 494
61 441
61 444
61 479
61 515
62 441
62 453
62 486
62 525
63 441
63 489
64 441
65 441
65 441
66 441
66 491
67 441
67 481
68 441
68 444
68 510
68 515
69 441
69 441
69 499
70 441
70 497
71 441
71 441
71 486
72 441
72 510
73 441
73 444
73 499
73 515
74 441
75 441
76 441
76 441
76 441
77 441
78 441
78 441
79 441
79 441
80 441
80 444
80 480
80 480
80 515
81 441
81 485
82 441
82 441
82 441
82 441
83 441
83 444
83 515
84 441
85 441
86 441
86 444
86 515
87 441
87 441
88 441
89 441
90 441
90 441
91 441
92 441
93 441
94 441
95 441
96 441
97 441
97 453
97 515
98 442
99 442
100 443
101 443
101 447
101 447
102 443
102 512
103 445
103 445
103 464
104 445
104 464
105 445
105 464
106 445
106 464
107 445
107 445
107 464
108 446
108 521
109 446
109 498
110 446
111 446
112 447
112 505
113 447
113 447
114 447
115 447
116 447
116 482
116 517
116 517
117 447
117 447
118 447
119 447
120 447
121 448
121 511
122 449
122 479
123 449
124 449
125 449
126 449
127 450
128 450
129 450
129 501
129 525
130 450
131 451
132 452
132 452
133 452
133 467
134 452
135 452
136 453
136 515
137 454
138 454
138 454
139 454
140 456
141 456
142 457
143 457
144 458
145 458
145 501
145 501
146 458
146 486
146 495
147 459
148 460
149 460
150 460
151 461
152 461
153 461
153 486
154 461
154 501
155 461
155 500
155 500
155 501
155 501
155 525
156 461
157 462
158 462
159 462
160 463
160 463
161 463
162 463
163 464
163 491
163 501
163 501
164 464
165 464
166 464
167 464
168 465
169 466
169 466
169 472
170 466
170 466
171 466
172 466
173 467
173 513
174 467
174 467
175 467
176 467
177 468
177 468
178 469
179 469
180 469
181 469
182 469
183 469
183 500
184 469
184 486
184 488
185 470
186 470
186 470
187 470
188 470
189 470
190 470
191 470
191 470
192 470
193 470
194 470
195 470
196 470
196 470
197 470
197 470
197 481
197 481
197 481
198 470
198 470
199 470
199 516
200 471
201 471
202 472
202 472
203 472
204 472
204 472
205 472
206 472
207 472
207 497
208 472
209 472
210 472
210 472
210 479
211 472
212 472
213 472
213 472
214 472
215 472
216 472
217 472
218 472
219 472
220 472
221 472
222 472
223 472
224 473
225 473
226 473
226 522
227 473
228 473
229 473
230 473
231 474
232 474
233 475
233 512
234 475
235 475
236 475
237 475
237 512
238 475
239 475
240 475
240 479
240 514
241 476
241 496
242 476
243 476
244 477
244 477
245 477
246 477
246 477
246 501
247 477
248 479
249 479
250 479
251 479
252 479
253 479
254 479
255 479
256 479
257 479
258 479
259 479
260 479
261 479
262 479
263 479
264 479
265 479
266 479
267 479
268 479
269 480
269 501
270 480
270 480
271 481
272 481
273 481
273 501
273 501
274 482
275 483
276 483
276 483
277 483
278 484
278 523
279 484
280 484
281 485
281 501
282 485
282 486
283 485
284 486
285 486
286 486
287 486
287 486
287 486
287 525
287 525
287 525
288 487
289 487
290 487
291 487
291 487
292 487
293 488
294 488
295 488
296 488
297 488
298 488
299 488
300 488
301 489
302 489
303 489
304 490
305 490
306 490
307 490
307 490
307 499
308 491
309 491
309 491
309 491
310 491
311 492
311 492
312 492
313 492
313 492
314 492
315 492
316 493
317 493
318 493
319 494
320 494
321 494
322 494
323 494
324 494
325 494
326 494
327 496
328 496
329 497
330 497
331 497
332 497
333 497
334 497
335 497
335 501
336 498
337 498
337 506
338 498
339 498
340 498
341 498
342 498
343 498
344 498
344 522
345 499
346 499
347 499
348 499
349 500
350 501
350 501
351 501
352 501
352 525
353 501
354 501
354 501
355 501
355 501
356 501
356 501
357 501
358 501
358 501
358 501
359 501
359 501
359 525
360 501
361 501
361 501
362 501
363 501
363 501
363 525
364 501
365 501
366 501
367 501
368 501
369 501
369 525
370 501
371 501
371 501
372 501
373 501
373 501
374 501
375 501
375 501
376 501
377 501
378 501
379 502
380 502
381 502
382 502
383 502
383 502
383 502
384 502
385 502
386 502
387 502
387 502
388 503
388 503
389 504
389 504
390 506
391 506
392 507
392 507
393 508
393 508
394 508
395 508
395 508
396 508
397 508
398 509
399 509
400 510
401 510
402 510
403 510
404 511
405 511
406 511
407 512
408 512
409 513
410 513
411 516
412 516
413 517
413 517
414 517
415 517
416 518
417 519
418 519
419 519
420 519
421 519
422 520
423 520
424 522
424 522
425 522
426 522
426 522
427 523
427 523
427 523
428 523
428 523
429 523
429 523
430 523
431 524
